  1879
1899  12   2415020
1900   1   2415050
1900   2   2415079
1900   3   2415109
1900   4   2415138
1900   5   2415167
1900   6   2415197
1900   7   2415226
1900   8   2415256
1900  -8   2415286
1900   9   2415315
1900  10   2415345
1900  11   2415375
1900  12   2415404
1901   1   2415434
1901   2   2415463
1901   3   2415493
1901   4   2415522
1901   5   2415551
1901   6   2415581
1901   7   2415610
1901   8   2415640
1901   9   2415669
1901  10   2415699
1901  11   2415729
1901  12   2415759
1902   1   2415788
1902   2   2415818
1902   3   2415847
1902   4   2415877
1902   5   2415906
1902   6   2415935
1902   7   2415965
1902   8   2415994
1902   9   2416024
1902  10   2416053
1902  11   2416083
1902  12   2416113
1903   1   2416143
1903   2   2416172
1903   3   2416202
1903   4   2416231
1903   5   2416261
1903  -5   2416290
1903   6   2416319
1903   7   2416349
1903   8   2416378
1903   9   2416407
1903  10   2416437
1903  11   2416467
1903  12   2416496
1904   1   2416526
1904   2   2416556
1904   3   2416586
1904   4   2416615
1904   5   2416645
1904   6   2416674
1904   7   2416703
1904   8   2416733
1904   9   2416762
1904  10   2416791
1904  11   2416821
1904  12   2416851
1905   1   2416880
1905   2   2416910
1905   3   2416940
1905   4   2416969
1905   5   2416999
1905   6   2417029
1905   7   2417058
1905   8   2417087
1905   9   2417117
1905  10   2417146
1905  11   2417176
1905  12   2417205
1906   1   2417235
1906   2   2417264
1906   3   2417294
1906   4   2417324
1906  -4   2417353
1906   5   2417383
1906   6   2417412
1906   7   2417442
1906   8   2417471
1906   9   2417501
1906  10   2417530
1906  11   2417560
1906  12   2417589
1907   1   2417619
1907   2   2417648
1907   3   2417678
1907   4   2417707
1907   5   2417737
1907   6   2417766
1907   7   2417796
1907   8   2417826
1907   9   2417855
1907  10   2417885
1907  11   2417914
1907  12   2417944
1908   1   2417973
1908   2   2418003
1908   3   2418032
1908   4   2418061
1908   5   2418091
1908   6   2418121
1908   7   2418150
1908   8   2418180
1908   9   2418209
1908  10   2418239
1908  11   2418269
1908  12   2418298
1909   1   2418328
1909   2   2418357
1909  -2   2418387
1909   3   2418416
1909   4   2418445
1909   5   2418475
1909   6   2418504
1909   7   2418534
1909   8   2418563
1909   9   2418593
1909  10   2418623
1909  11   2418653
1909  12   2418682
1910   1   2418712
1910   2   2418741
1910   3   2418771
1910   4   2418800
1910   5   2418829
1910   6   2418859
1910   7   2418888
1910   8   2418918
1910   9   2418947
1910  10   2418977
1910  11   2419007
1910  12   2419037
1911   1   2419066
1911   2   2419096
1911   3   2419125
1911   4   2419155
1911   5   2419184
1911   6   2419213
1911  -6   2419243
1911   7   2419272
1911   8   2419301
1911   9   2419331
1911  10   2419361
1911  11   2419390
1911  12   2419420
1912   1   2419450
1912   2   2419480
1912   3   2419509
1912   4   2419539
1912   5   2419568
1912   6   2419597
1912   7   2419627
1912   8   2419656
1912   9   2419685
1912  10   2419715
1912  11   2419745
1912  12   2419774
1913   1   2419804
1913   2   2419834
1913   3   2419864
1913   4   2419893
1913   5   2419923
1913   6   2419952
1913   7   2419981
1913   8   2420011
1913   9   2420040
1913  10   2420069
1913  11   2420099
1913  12   2420128
1914   1   2420158
1914   2   2420188
1914   3   2420218
1914   4   2420247
1914   5   2420277
1914  -5   2420307
1914   6   2420336
1914   7   2420365
1914   8   2420395
1914   9   2420424
1914  10   2420454
1914  11   2420483
1914  12   2420512
1915   1   2420542
1915   2   2420572
1915   3   2420601
1915   4   2420631
1915   5   2420661
1915   6   2420690
1915   7   2420720
1915   8   2420749
1915   9   2420779
1915  10   2420808
1915  11   2420838
1915  12   2420867
1916   1   2420897
1916   2   2420926
1916   3   2420956
1916   4   2420985
1916   5   2421015
1916   6   2421044
1916   7   2421074
1916   8   2421104
1916   9   2421133
1916  10   2421163
1916  11   2421192
1916  12   2421222
1917   1   2421251
1917   2   2421281
1917  -2   2421310
1917   3   2421339
1917   4   2421369
1917   5   2421398
1917   6   2421428
1917   7   2421458
1917   8   2421487
1917   9   2421517
1917  10   2421547
1917  11   2421576
1917  12   2421606
1918   1   2421635
1918   2   2421665
1918   3   2421694
1918   4   2421723
1918   5   2421753
1918   6   2421782
1918   7   2421812
1918   8   2421841
1918   9   2421871
1918  10   2421901
1918  11   2421931
1918  12   2421960
1919   1   2421990
1919   2   2422019
1919   3   2422049
1919   4   2422078
1919   5   2422107
1919   6   2422137
1919   7   2422166
1919  -7   2422196
1919   8   2422225
1919   9   2422255
1919  10   2422285
1919  11   2422314
1919  12   2422344
1920   1   2422374
1920   2   2422403
1920   3   2422433
1920   4   2422462
1920   5   2422491
1920   6   2422521
1920   7   2422550
1920   8   2422579
1920   9   2422609
1920  10   2422639
1920  11   2422668
1920  12   2422698
1921   1   2422728
1921   2   2422758
1921   3   2422787
1921   4   2422817
1921   5   2422846
1921   6   2422875
1921   7   2422905
1921   8   2422934
1921   9   2422963
1921  10   2422993
1921  11   2423022
1921  12   2423052
1922   1   2423082
1922   2   2423112
1922   3   2423141
1922   4   2423171
1922   5   2423201
1922  -5   2423230
1922   6   2423259
1922   7   2423289
1922   8   2423318
1922   9   2423347
1922  10   2423377
1922  11   2423406
1922  12   2423436
1923   1   2423466
1923   2   2423495
1923   3   2423525
1923   4   2423555
1923   5   2423584
1923   6   2423614
1923   7   2423643
1923   8   2423673
1923   9   2423702
1923  10   2423732
1923  11   2423761
1923  12   2423790
1924   1   2423820
1924   2   2423850
1924   3   2423879
1924   4   2423909
1924   5   2423938
1924   6   2423968
1924   7   2423998
1924   8   2424027
1924   9   2424057
1924  10   2424086
1924  11   2424116
1924  12   2424145
1925   1   2424174
1925   2   2424204
1925   3   2424233
1925   4   2424263
1925  -4   2424293
1925   5   2424322
1925   6   2424352
1925   7   2424381
1925   8   2424411
1925   9   2424441
1925  10   2424470
1925  11   2424500
1925  12   2424529
1926   1   2424559
1926   2   2424588
1926   3   2424617
1926   4   2424647
1926   5   2424676
1926   6   2424706
1926   7   2424735
1926   8   2424765
1926   9   2424795
1926  10   2424824
1926  11   2424854
1926  12   2424884
1927   1   2424913
1927   2   2424943
1927   3   2424972
1927   4   2425001
1927   5   2425031
1927   6   2425060
1927   7   2425090
1927   8   2425119
1927   9   2425149
1927  10   2425179
1927  11   2425208
1927  12   2425238
1928   1   2425268
1928   2   2425297
1928  -2   2425327
1928   3   2425356
1928   4   2425385
1928   5   2425415
1928   6   2425444
1928   7   2425473
1928   8   2425503
1928   9   2425533
1928  10   2425562
1928  11   2425592
1928  12   2425622
1929   1   2425652
1929   2   2425681
1929   3   2425711
1929   4   2425740
1929   5   2425769
1929   6   2425799
1929   7   2425828
1929   8   2425857
1929   9   2425887
1929  10   2425916
1929  11   2425946
1929  12   2425976
1930   1   2426006
1930   2   2426035
1930   3   2426065
1930   4   2426095
1930   5   2426124
1930   6   2426153
1930  -6   2426183
1930   7   2426212
1930   8   2426241
1930   9   2426271
1930  10   2426300
1930  11   2426330
1930  12   2426360
1931   1   2426389
1931   2   2426419
1931   3   2426449
1931   4   2426479
1931   5   2426508
1931   6   2426537
1931   7   2426567
1931   8   2426596
1931   9   2426625
1931  10   2426655
1931  11   2426684
1931  12   2426714
1932   1   2426743
1932   2   2426773
1932   3   2426803
1932   4   2426833
1932   5   2426862
1932   6   2426892
1932   7   2426921
1932   8   2426951
1932   9   2426980
1932  10   2427009
1932  11   2427039
1932  12   2427068
1933   1   2427098
1933   2   2427127
1933   3   2427157
1933   4   2427187
1933   5   2427216
1933  -5   2427246
1933   6   2427276
1933   7   2427305
1933   8   2427335
1933   9   2427364
1933  10   2427394
1933  11   2427423
1933  12   2427452
1934   1   2427482
1934   2   2427511
1934   3   2427541
1934   4   2427570
1934   5   2427600
1934   6   2427630
1934   7   2427659
1934   8   2427689
1934   9   2427719
1934  10   2427748
1934  11   2427778
1934  12   2427807
1935   1   2427837
1935   2   2427866
1935   3   2427895
1935   4   2427925
1935   5   2427954
1935   6   2427984
1935   7   2428013
1935   8   2428043
1935   9   2428073
1935  10   2428102
1935  11   2428132
1935  12   2428162
1936   1   2428191
1936   2   2428221
1936   3   2428250
1936  -3   2428279
1936   4   2428309
1936   5   2428338
1936   6   2428368
1936   7   2428397
1936   8   2428427
1936   9   2428456
1936  10   2428486
1936  11   2428516
1936  12   2428546
1937   1   2428575
1937   2   2428605
1937   3   2428634
1937   4   2428663
1937   5   2428693
1937   6   2428722
1937   7   2428751
1937   8   2428781
1937   9   2428810
1937  10   2428840
1937  11   2428870
1937  12   2428900
1938   1   2428929
1938   2   2428959
1938   3   2428989
1938   4   2429018
1938   5   2429047
1938   6   2429077
1938   7   2429106
1938  -7   2429135
1938   8   2429165
1938   9   2429194
1938  10   2429224
1938  11   2429254
1938  12   2429283
1939   1   2429313
1939   2   2429343
1939   3   2429373
1939   4   2429402
1939   5   2429431
1939   6   2429461
1939   7   2429490
1939   8   2429519
1939   9   2429549
1939  10   2429578
1939  11   2429608
1939  12   2429637
1940   1   2429667
1940   2   2429697
1940   3   2429727
1940   4   2429756
1940   5   2429786
1940   6   2429815
1940   7   2429845
1940   8   2429874
1940   9   2429903
1940  10   2429933
1940  11   2429962
1940  12   2429992
1941   1   2430021
1941   2   2430051
1941   3   2430081
1941   4   2430110
1941   5   2430140
1941   6   2430170
1941  -6   2430199
1941   7   2430229
1941   8   2430258
1941   9   2430287
1941  10   2430317
1941  11   2430346
1941  12   2430376
1942   1   2430405
1942   2   2430435
1942   3   2430464
1942   4   2430494
1942   5   2430524
1942   6   2430553
1942   7   2430583
1942   8   2430613
1942   9   2430642
1942  10   2430672
1942  11   2430701
1942  12   2430730
1943   1   2430760
1943   2   2430789
1943   3   2430819
1943   4   2430848
1943   5   2430878
1943   6   2430907
1943   7   2430937
1943   8   2430967
1943   9   2430996
1943  10   2431026
1943  11   2431056
1943  12   2431085
1944   1   2431115
1944   2   2431144
1944   3   2431173
1944   4   2431203
1944  -4   2431232
1944   5   2431262
1944   6   2431291
1944   7   2431321
1944   8   2431350
1944   9   2431380
1944  10   2431410
1944  11   2431439
1944  12   2431469
1945   1   2431499
1945   2   2431528
1945   3   2431557
1945   4   2431587
1945   5   2431616
1945   6   2431645
1945   7   2431675
1945   8   2431704
1945   9   2431734
1945  10   2431764
1945  11   2431794
1945  12   2431823
1946   1   2431853
1946   2   2431883
1946   3   2431912
1946   4   2431941
1946   5   2431971
1946   6   2432000
1946   7   2432029
1946   8   2432059
1946   9   2432088
1946  10   2432118
1946  11   2432148
1946  12   2432177
1947   1   2432207
1947   2   2432237
1947  -2   2432267
1947   3   2432296
1947   4   2432325
1947   5   2432355
1947   6   2432384
1947   7   2432413
1947   8   2432443
1947   9   2432472
1947  10   2432502
1947  11   2432531
1947  12   2432561
1948   1   2432591
1948   2   2432621
1948   3   2432650
1948   4   2432680
1948   5   2432709
1948   6   2432739
1948   7   2432768
1948   8   2432797
1948   9   2432827
1948  10   2432856
1948  11   2432886
1948  12   2432915
1949   1   2432945
1949   2   2432975
1949   3   2433005
1949   4   2433034
1949   5   2433064
1949   6   2433093
1949   7   2433123
1949  -7   2433152
1949   8   2433181
1949   9   2433211
1949  10   2433240
1949  11   2433270
1949  12   2433299
1950   1   2433329
1950   2   2433359
1950   3   2433388
1950   4   2433418
1950   5   2433448
1950   6   2433477
1950   7   2433507
1950   8   2433536
1950   9   2433565
1950  10   2433595
1950  11   2433624
1950  12   2433654
1951   1   2433683
1951   2   2433713
1951   3   2433742
1951   4   2433772
1951   5   2433802
1951   6   2433831
1951   7   2433861
1951   8   2433890
1951   9   2433920
1951  10   2433949
1951  11   2433979
1951  12   2434008
1952   1   2434038
1952   2   2434067
1952   3   2434097
1952   4   2434126
1952   5   2434156
1952  -5   2434185
1952   6   2434215
1952   7   2434245
1952   8   2434274
1952   9   2434304
1952  10   2434333
1952  11   2434363
1952  12   2434392
1953   1   2434422
1953   2   2434451
1953   3   2434481
1953   4   2434510
1953   5   2434539
1953   6   2434569
1953   7   2434599
1953   8   2434628
1953   9   2434658
1953  10   2434688
1953  11   2434717
1953  12   2434747
1954   1   2434777
1954   2   2434806
1954   3   2434835
1954   4   2434865
1954   5   2434894
1954   6   2434923
1954   7   2434953
1954   8   2434982
1954   9   2435012
1954  10   2435042
1954  11   2435071
1954  12   2435101
1955   1   2435131
1955   2   2435161
1955   3   2435190
1955  -3   2435219
1955   4   2435249
1955   5   2435278
1955   6   2435307
1955   7   2435337
1955   8   2435366
1955   9   2435396
1955  10   2435425
1955  11   2435455
1955  12   2435485
1956   1   2435515
1956   2   2435544
1956   3   2435574
1956   4   2435603
1956   5   2435633
1956   6   2435662
1956   7   2435691
1956   8   2435721
1956   9   2435750
1956  10   2435780
1956  11   2435809
1956  12   2435839
1957   1   2435869
1957   2   2435899
1957   3   2435928
1957   4   2435958
1957   5   2435987
1957   6   2436017
1957   7   2436046
1957   8   2436075
1957  -8   2436105
1957   9   2436134
1957  10   2436164
1957  11   2436193
1957  12   2436223
1958   1   2436253
1958   2   2436282
1958   3   2436312
1958   4   2436342
1958   5   2436371
1958   6   2436401
1958   7   2436430
1958   8   2436459
1958   9   2436489
1958  10   2436518
1958  11   2436548
1958  12   2436577
1959   1   2436607
1959   2   2436636
1959   3   2436666
1959   4   2436696
1959   5   2436725
1959   6   2436755
1959   7   2436784
1959   8   2436814
1959   9   2436843
1959  10   2436873
1959  11   2436902
1959  12   2436932
1960   1   2436961
1960   2   2436991
1960   3   2437020
1960   4   2437050
1960   5   2437079
1960   6   2437109
1960  -6   2437139
1960   7   2437168
1960   8   2437198
1960   9   2437227
1960  10   2437257
1960  11   2437286
1960  12   2437316
1961   1   2437345
1961   2   2437375
1961   3   2437404
1961   4   2437434
1961   5   2437463
1961   6   2437493
1961   7   2437522
1961   8   2437552
1961   9   2437582
1961  10   2437611
1961  11   2437641
1961  12   2437670
1962   1   2437700
1962   2   2437729
1962   3   2437759
1962   4   2437788
1962   5   2437817
1962   6   2437847
1962   7   2437876
1962   8   2437906
1962   9   2437936
1962  10   2437965
1962  11   2437995
1962  12   2438025
1963   1   2438054
1963   2   2438084
1963   3   2438113
1963   4   2438143
1963  -4   2438172
1963   5   2438201
1963   6   2438231
1963   7   2438260
1963   8   2438290
1963   9   2438319
1963  10   2438349
1963  11   2438379
1963  12   2438409
1964   1   2438438
1964   2   2438468
1964   3   2438497
1964   4   2438527
1964   5   2438556
1964   6   2438585
1964   7   2438615
1964   8   2438644
1964   9   2438674
1964  10   2438703
1964  11   2438733
1964  12   2438763
1965   1   2438793
1965   2   2438822
1965   3   2438852
1965   4   2438881
1965   5   2438911
1965   6   2438940
1965   7   2438969
1965   8   2438999
1965  -8   2439028
1965  10   2439057
1965  11   2439087
1965  12   2439117
1966   1   2439147
1966   2   2439176
1966   3   2439206
1966  -3   2439236
1966   4   2439265
1966   5   2439295
1966   6   2439324
1966   7   2439353
1966   8   2439383
1966   9   2439412
1966  10   2439441
1966  11   2439471
1966  12   2439501
1967   1   2439530
1967   2   2439560
1967   3   2439590
1967   4   2439619
1967   5   2439649
1967   6   2439679
1967   7   2439708
1967   8   2439737
1967   9   2439767
1967  10   2439796
1967  11   2439826
1967  12   2439855
1968   1   2439885
1968   2   2439914
1968   3   2439944
1968   4   2439974
1968   5   2440003
1968   6   2440033
1968   7   2440062
1968  -7   2440092
1968   8   2440121
1968   9   2440151
1968  10   2440180
1968  11   2440210
1968  12   2440239
1969   1   2440269
1969   2   2440298
1969   3   2440328
1969   4   2440357
1969   5   2440387
1969   6   2440416
1969   7   2440446
1969   8   2440476
1969   9   2440505
1969  10   2440535
1969  11   2440564
1969  12   2440594
1970   1   2440623
1970   2   2440653
1970   3   2440682
1970   4   2440711
1970   5   2440741
1970   6   2440771
1970   7   2440800
1970   8   2440830
1970   9   2440859
1970  10   2440889
1970  11   2440919
1970  12   2440948
1971   1   2440978
1971   2   2441007
1971   3   2441037
1971   4   2441066
1971   5   2441095
1971  -5   2441125
1971   6   2441154
1971   7   2441184
1971   8   2441213
1971   9   2441243
1971  10   2441273
1971  11   2441303
1971  12   2441332
1972   1   2441362
1972   2   2441391
1972   3   2441421
1972   4   2441450
1972   5   2441479
1972   6   2441509
1972   7   2441538
1972   8   2441568
1972   9   2441597
1972  10   2441627
1972  11   2441657
1972  12   2441687
1973   1   2441716
1973   2   2441746
1973   3   2441775
1973   4   2441805
1973   5   2441834
1973   6   2441863
1973   7   2441893
1973   8   2441922
1973   9   2441951
1973  10   2441981
1973  11   2442011
1973  12   2442041
1974   1   2442070
1974   2   2442100
1974   3   2442130
1974   4   2442159
1974  -4   2442189
1974   5   2442218
1974   6   2442247
1974   7   2442277
1974   8   2442306
1974   9   2442335
1974  10   2442365
1974  11   2442395
1974  12   2442424
1975   1   2442454
1975   2   2442484
1975   3   2442514
1975   4   2442543
1975   5   2442573
1975   6   2442602
1975   7   2442631
1975   8   2442661
1975   9   2442690
1975  10   2442719
1975  11   2442749
1975  12   2442778
1976   1   2442808
1976   2   2442838
1976   3   2442868
1976   4   2442897
1976   5   2442927
1976   6   2442956
1976   7   2442986
1976   8   2443015
1976  -8   2443045
1976   9   2443074
1976  10   2443104
1976  11   2443133
1976  12   2443162
1977   1   2443192
1977   2   2443222
1977   3   2443251
1977   4   2443281
1977   5   2443311
1977   6   2443340
1977   7   2443370
1977   8   2443399
1977   9   2443429
1977  10   2443458
1977  11   2443488
1977  12   2443517
1978   1   2443546
1978   2   2443576
1978   3   2443606
1978   4   2443635
1978   5   2443665
1978   6   2443694
1978   7   2443724
1978   8   2443754
1978   9   2443783
1978  10   2443813
1978  11   2443842
1978  12   2443872
1979   1   2443901
1979   2   2443931
1979   3   2443960
1979   4   2443989
1979   5   2444019
1979   6   2444048
1979  -6   2444078
1979   7   2444108
1979   8   2444137
1979   9   2444167
1979  10   2444197
1979  11   2444226
1979  12   2444256
1980   1   2444285
1980   2   2444315
1980   3   2444344
1980   4   2444373
1980   5   2444403
1980   6   2444432
1980   7   2444462
1980   8   2444491
1980   9   2444521
1980  10   2444551
1980  11   2444580
1980  12   2444610
1981   1   2444640
1981   2   2444669
1981   3   2444699
1981   4   2444728
1981   5   2444757
1981   6   2444787
1981   7   2444816
1981   8   2444845
1981   9   2444875
1981  10   2444905
1981  11   2444934
1981  12   2444964
1982   1   2444994
1982   2   2445024
1982   3   2445053
1982   4   2445083
1982  -4   2445112
1982   5   2445141
1982   6   2445171
1982   7   2445200
1982   8   2445229
1982   9   2445259
1982  10   2445289
1982  11   2445318
1982  12   2445348
1983   1   2445378
1983   2   2445408
1983   3   2445437
1983   4   2445467
1983   5   2445496
1983   6   2445525
1983   7   2445555
1983   8   2445584
1983   9   2445613
1983  10   2445643
1983  11   2445672
1983  12   2445702
1984   1   2445732
1984   2   2445762
1984   3   2445791
1984   4   2445821
1984   5   2445851
1984   6   2445880
1984   7   2445909
1984   8   2445939
1984   9   2445968
1984  10   2445997
1984 -10   2446027
1984  11   2446056
1985  12   2446086
1985   1   2446116
1985   2   2446145
1985   3   2446175
1985   4   2446205
1985   5   2446234
1985   6   2446264
1985   7   2446293
1985   8   2446323
1985   9   2446352
1985  10   2446381
1985  11   2446411
1985  12   2446440
1986   1   2446470
1986   2   2446499
1986   3   2446529
1986   4   2446559
1986   5   2446588
1986   6   2446618
1986   7   2446648
1986   8   2446677
1986   9   2446707
1986  10   2446736
1986  11   2446766
1986  12   2446795
1987   1   2446824
1987   2   2446854
1987   3   2446883
1987   4   2446913
1987   5   2446943
1987   6   2446972
1987  -6   2447002
1987   7   2447031
1987   8   2447061
1987   9   2447091
1987  10   2447120
1987  11   2447150
1987  12   2447179
1988   1   2447209
1988   2   2447238
1988   3   2447267
1988   4   2447297
1988   5   2447326
1988   6   2447356
1988   7   2447385
1988   8   2447415
1988   9   2447445
1988  10   2447474
1988  11   2447504
1988  12   2447534
1989   1   2447563
1989   2   2447593
1989   3   2447622
1989   4   2447651
1989   5   2447681
1989   6   2447710
1989   7   2447740
1989   8   2447769
1989   9   2447799
1989  10   2447829
1989  11   2447858
1989  12   2447888
1990   1   2447918
1990   2   2447947
1990   3   2447977
1990   4   2448006
1990   5   2448035
1990  -5   2448065
1990   6   2448094
1990   7   2448123
1990   8   2448153
1990   9   2448183
1990  10   2448212
1990  11   2448242
1990  12   2448272
1991   1   2448302
1991   2   2448331
1991   3   2448361
1991   4   2448390
1991   5   2448419
1991   6   2448449
1991   7   2448478
1991   8   2448507
1991   9   2448537
1991  10   2448566
1991  11   2448596
1991  12   2448626
1992   1   2448656
1992   2   2448685
1992   3   2448715
1992   4   2448745
1992   5   2448774
1992   6   2448803
1992   7   2448833
1992   8   2448862
1992   9   2448891
1992  10   2448921
1992  11   2448950
1992  12   2448980
1993   1   2449010
1993   2   2449039
1993   3   2449069
1993  -3   2449099
1993   4   2449128
1993   5   2449158
1993   6   2449187
1993   7   2449217
1993   8   2449246
1993   9   2449275
1993  10   2449305
1993  11   2449334
1993  12   2449364
1994   1   2449393
1994   2   2449423
1994   3   2449453
1994   4   2449483
1994   5   2449512
1994   6   2449542
1994   7   2449571
1994   8   2449601
1994   9   2449630
1994  10   2449659
1994  11   2449689
1994  12   2449718
1995   1   2449748
1995   2   2449777
1995   3   2449807
1995   4   2449837
1995   5   2449866
1995   6   2449896
1995   7   2449926
1995   8   2449955
1995  -8   2449985
1995   9   2450014
1995  10   2450044
1995  11   2450073
1995  12   2450102
1996   1   2450132
1996   2   2450161
1996   3   2450191
1996   4   2450220
1996   5   2450250
1996   6   2450280
1996   7   2450309
1996   8   2450339
1996   9   2450368
1996  10   2450398
1996  11   2450428
1996  12   2450457
1997   1   2450487
1997   2   2450516
1997   3   2450545
1997   4   2450575
1997   5   2450604
1997   6   2450634
1997   7   2450663
1997   8   2450693
1997   9   2450723
1997  10   2450752
1997  11   2450782
1997  12   2450812
1998   1   2450841
1998   2   2450871
1998   3   2450900
1998   4   2450929
1998   5   2450959
1998  -5   2450988
1998   6   2451017
1998   7   2451047
1998   8   2451077
1998   9   2451106
1998  10   2451136
1998  11   2451166
1998  12   2451196
1999   1   2451225
1999   2   2451255
1999   3   2451284
1999   4   2451313
1999   5   2451343
1999   6   2451372
1999   7   2451401
1999   8   2451431
1999   9   2451460
1999  10   2451490
1999  11   2451520
1999  12   2451550
2000   1   2451579
2000   2   2451609
2000   3   2451639
2000   4   2451668
2000   5   2451697
2000   6   2451727
2000   7   2451756
2000   8   2451785
2000   9   2451815
2000  10   2451844
2000  11   2451874
2000  12   2451904
2001   1   2451933
2001   2   2451963
2001   3   2451993
2001   4   2452023
2001  -4   2452052
2001   5   2452081
2001   6   2452111
2001   7   2452140
2001   8   2452169
2001   9   2452199
2001  10   2452228
2001  11   2452258
2001  12   2452287
2002   1   2452317
2002   2   2452347
2002   3   2452377
2002   4   2452406
2002   5   2452436
2002   6   2452465
2002   7   2452495
2002   8   2452524
2002   9   2452553
2002  10   2452583
2002  11   2452612
2002  12   2452642
2003   1   2452671
2003   2   2452701
2003   3   2452731
2003   4   2452760
2003   5   2452790
2003   6   2452820
2003   7   2452849
2003   8   2452879
2003   9   2452908
2003  10   2452937
2003  11   2452967
2003  12   2452996
2004   1   2453026
2004   2   2453055
2004  -2   2453085
2004   3   2453114
2004   4   2453144
2004   5   2453174
2004   6   2453203
2004   7   2453233
2004   8   2453262
2004   9   2453292
2004  10   2453321
2004  11   2453351
2004  12   2453380
2005   1   2453410
2005   2   2453439
2005   3   2453469
2005   4   2453498
2005   5   2453528
2005   6   2453557
2005   7   2453587
2005   8   2453617
2005   9   2453646
2005  10   2453676
2005  11   2453706
2005  12   2453735
2006   1   2453764
2006   2   2453794
2006   3   2453823
2006   4   2453853
2006   5   2453882
2006   6   2453912
2006   7   2453941
2006  -7   2453971
2006   8   2454000
2006   9   2454030
2006  10   2454060
2006  11   2454089
2006  12   2454119
2007   1   2454149
2007   2   2454178
2007   3   2454207
2007   4   2454237
2007   5   2454266
2007   6   2454295
2007   7   2454325
2007   8   2454354
2007   9   2454384
2007  10   2454414
2007  11   2454444
2007  12   2454473
2008   1   2454503
2008   2   2454533
2008   3   2454562
2008   4   2454591
2008   5   2454621
2008   6   2454650
2008   7   2454679
2008   8   2454709
2008   9   2454738
2008  10   2454768
2008  11   2454798
2008  12   2454827
2009   1   2454857
2009   2   2454887
2009   3   2454917
2009   4   2454946
2009   5   2454975
2009  -5   2455005
2009   6   2455034
2009   7   2455063
2009   8   2455093
2009   9   2455122
2009  10   2455152
2009  11   2455181
2009  12   2455211
2010   1   2455241
2010   2   2455271
2010   3   2455300
2010   4   2455330
2010   5   2455359
2010   6   2455389
2010   7   2455418
2010   8   2455447
2010   9   2455477
2010  10   2455506
2010  11   2455536
2010  12   2455565
2011   1   2455595
2011   2   2455625
2011   3   2455654
2011   4   2455684
2011   5   2455714
2011   6   2455743
2011   7   2455773
2011   8   2455802
2011   9   2455831
2011  10   2455861
2011  11   2455890
2011  12   2455920
2012   1   2455949
2012   2   2455979
2012   3   2456008
2012  -3   2456038
2012   4   2456068
2012   5   2456098
2012   6   2456127
2012   7   2456157
2012   8   2456186
2012   9   2456215
2012  10   2456245
2012  11   2456274
2012  12   2456304
2013   1   2456333
2013   2   2456363
2013   3   2456392
2013   4   2456422
2013   5   2456452
2013   6   2456481
2013   7   2456511
2013   8   2456540
2013   9   2456570
2013  10   2456599
2013  11   2456629
2013  12   2456658
2014   1   2456688
2014   2   2456717
2014   3   2456747
2014   4   2456776
2014   5   2456806
2014   6   2456835
2014   7   2456865
2014   8   2456894
2014   9   2456924
2014  -9   2456954
2014  10   2456983
2014  11   2457013
2014  12   2457042
2015   1   2457072
2015   2   2457101
2015   3   2457131
2015   4   2457160
2015   5   2457189
2015   6   2457219
2015   7   2457248
2015   8   2457278
2015   9   2457308
2015  10   2457338
2015  11   2457367
2015  12   2457397
2016   1   2457426
2016   2   2457456
2016   3   2457485
2016   4   2457515
2016   5   2457544
2016   6   2457573
2016   7   2457603
2016   8   2457632
2016   9   2457662
2016  10   2457692
2016  11   2457721
2016  12   2457751
2017   1   2457781
2017   2   2457810
2017   3   2457840
2017   4   2457869
2017   5   2457899
2017  -5   2457928
2017   6   2457957
2017   7   2457987
2017   8   2458016
2017   9   2458046
2017  10   2458075
2017  11   2458105
2017  12   2458135
2018   1   2458165
2018   2   2458194
2018   3   2458224
2018   4   2458253
2018   5   2458283
2018   6   2458312
2018   7   2458341
2018   8   2458371
2018   9   2458400
2018  10   2458430
2018  11   2458459
2018  12   2458489
2019   1   2458519
2019   2   2458549
2019   3   2458578
2019   4   2458608
2019   5   2458637
2019   6   2458667
2019   7   2458696
2019   8   2458725
2019   9   2458755
2019  10   2458784
2019  11   2458814
2019  12   2458843
2020   1   2458873
2020   2   2458903
2020   3   2458932
2020   4   2458962
2020  -4   2458992
2020   5   2459021
2020   6   2459051
2020   7   2459080
2020   8   2459109
2020   9   2459139
2020  10   2459168
2020  11   2459198
2020  12   2459227
2021   1   2459257
2021   2   2459286
2021   3   2459316
2021   4   2459346
2021   5   2459375
2021   6   2459405
2021   7   2459434
2021   8   2459464
2021   9   2459493
2021  10   2459523
2021  11   2459552
2021  12   2459582
2022   1   2459611
2022   2   2459641
2022   3   2459670
2022   4   2459700
2022   5   2459729
2022   6   2459759
2022   7   2459789
2022   8   2459818
2022   9   2459848
2022  10   2459877
2022  11   2459907
2022  12   2459936
2023   1   2459966
2023   2   2459995
2023  -2   2460025
2023   3   2460054
2023   4   2460084
2023   5   2460113
2023   6   2460143
2023   7   2460172
2023   8   2460202
2023   9   2460232
2023  10   2460261
2023  11   2460291
2023  12   2460320
2024   1   2460350
2024   2   2460379
2024   3   2460409
2024   4   2460438
2024   5   2460467
2024   6   2460497
2024   7   2460526
2024   8   2460556
2024   9   2460586
2024  10   2460615
2024  11   2460645
2024  12   2460675
2025   1   2460704
2025   2   2460734
2025   3   2460763
2025   4   2460793
2025   5   2460822
2025   6   2460851
2025  -6   2460881
2025   7   2460910
2025   8   2460940
2025   9   2460969
2025  10   2460999
2025  11   2461029
2025  12   2461059
2026   1   2461088
2026   2   2461118
2026   3   2461147
2026   4   2461177
2026   5   2461206
2026   6   2461235
2026   7   2461265
2026   8   2461294
2026   9   2461324
2026  10   2461353
2026  11   2461383
2026  12   2461413
2027   1   2461443
2027   2   2461472
2027   3   2461502
2027   4   2461531
2027   5   2461561
2027   6   2461590
2027   7   2461619
2027   8   2461649
2027   9   2461678
2027  10   2461707
2027  11   2461737
2027  12   2461767
2028   1   2461797
2028   2   2461826
2028   3   2461856
2028   4   2461886
2028   5   2461915
2028  -5   2461945
2028   6   2461974
2028   7   2462003
2028   8   2462033
2028   9   2462062
2028  10   2462091
2028  11   2462121
2028  12   2462151
2029   1   2462180
2029   2   2462210
2029   3   2462240
2029   4   2462269
2029   5   2462299
2029   6   2462329
2029   7   2462358
2029   8   2462387
2029   9   2462417
2029  10   2462446
2029  11   2462475
2029  12   2462505
2030   1   2462535
2030   2   2462564
2030   3   2462594
2030   4   2462623
2030   5   2462653
2030   6   2462683
2030   7   2462712
2030   8   2462742
2030   9   2462771
2030  10   2462801
2030  11   2462830
2030  12   2462860
2031   1   2462889
2031   2   2462919
2031   3   2462948
2031  -3   2462978
2031   4   2463007
2031   5   2463037
2031   6   2463066
2031   7   2463096
2031   8   2463126
2031   9   2463155
2031  10   2463185
2031  11   2463214
2031  12   2463244
2032   1   2463273
2032   2   2463303
2032   3   2463332
2032   4   2463361
2032   5   2463391
2032   6   2463420
2032   7   2463450
2032   8   2463480
2032   9   2463509
2032  10   2463539
2032  11   2463569
2032  12   2463598
2033   1   2463628
2033   2   2463657
2033   3   2463687
2033   4   2463716
2033   5   2463745
2033   6   2463775
2033   7   2463804
2033  -7   2463834
2033   8   2463863
2033   9   2463893
2033  11   2463923
2033 -11   2463953
2033  12   2463982
2034  -1   2464012
2034   2   2464041
2034   3   2464071
2034   4   2464100
2034   5   2464129
2034   6   2464159
2034   7   2464188
2034   8   2464218
2034   9   2464247
2034  10   2464277
2034  11   2464307
2034  12   2464337
2035   1   2464366
2035   2   2464396
2035   3   2464425
2035   4   2464455
2035   5   2464484
2035   6   2464513
2035   7   2464543
2035   8   2464572
2035   9   2464601
2035  10   2464631
2035  11   2464661
2035  12   2464690
2036   1   2464720
2036   2   2464750
2036   3   2464780
2036   4   2464809
2036   5   2464839
2036   6   2464868
2036  -6   2464897
2036   7   2464927
2036   8   2464956
2036   9   2464985
2036  10   2465015
2036  11   2465045
2036  12   2465074
2037   1   2465104
2037   2   2465134
2037   3   2465164
2037   4   2465193
2037   5   2465223
2037   6   2465252
2037   7   2465281
2037   8   2465311
2037   9   2465340
2037  10   2465369
2037  11   2465399
2037  12   2465428
2038   1   2465458
2038   2   2465488
2038   3   2465518
2038   4   2465547
2038   5   2465577
2038   6   2465606
2038   7   2465636
2038   8   2465665
2038   9   2465695
2038  10   2465724
2038  11   2465753
2038  12   2465783
2039   1   2465812
2039   2   2465842
2039   3   2465872
2039   4   2465901
2039   5   2465931
2039  -5   2465961
2039   6   2465990
2039   7   2466020
2039   8   2466049
2039   9   2466079
2039  10   2466108
2039  11   2466138
2039  12   2466167
2040   1   2466196
2040   2   2466226
2040   3   2466255
2040   4   2466285
2040   5   2466315
2040   6   2466344
2040   7   2466374
2040   8   2466404
2040   9   2466433
2040  10   2466463
2040  11   2466492
2040  12   2466522
2041   1   2466551
2041   2   2466581
2041   3   2466610
2041   4   2466639
2041   5   2466669
2041   6   2466698
2041   7   2466728
2041   8   2466758
2041   9   2466787
2041  10   2466817
2041  11   2466847
2041  12   2466876
2042   1   2466906
2042   2   2466935
2042  -2   2466965
2042   3   2466994
2042   4   2467023
2042   5   2467053
2042   6   2467082
2042   7   2467112
2042   8   2467141
2042   9   2467171
2042  10   2467201
2042  11   2467230
2042  12   2467260
2043   1   2467290
2043   2   2467319
2043   3   2467349
2043   4   2467378
2043   5   2467407
2043   6   2467437
2043   7   2467466
2043   8   2467495
2043   9   2467525
2043  10   2467555
2043  11   2467584
2043  12   2467614
2044   1   2467644
2044   2   2467674
2044   3   2467703
2044   4   2467733
2044   5   2467762
2044   6   2467791
2044   7   2467821
2044  -7   2467850
2044   8   2467879
2044   9   2467909
2044  10   2467938
2044  11   2467968
2044  12   2467998
2045   1   2468028
2045   2   2468058
2045   3   2468087
2045   4   2468117
2045   5   2468146
2045   6   2468175
2045   7   2468205
2045   8   2468234
2045   9   2468263
2045  10   2468293
2045  11   2468322
2045  12   2468352
2046   1   2468382
2046   2   2468412
2046   3   2468441
2046   4   2468471
2046   5   2468501
2046   6   2468530
2046   7   2468559
2046   8   2468589
2046   9   2468618
2046  10   2468647
2046  11   2468677
2046  12   2468706
2047   1   2468736
2047   2   2468766
2047   3   2468795
2047   4   2468825
2047   5   2468855
2047  -5   2468884
2047   6   2468914
2047   7   2468943
2047   8   2468973
2047   9   2469002
2047  10   2469031
2047  11   2469061
2047  12   2469090
2048   1   2469120
2048   2   2469149
2048   3   2469179
2048   4   2469209
2048   5   2469238
2048   6   2469268
2048   7   2469298
2048   8   2469327
2048   9   2469357
2048  10   2469386
2048  11   2469416
2048  12   2469445
2049   1   2469474
2049   2   2469504
2049   3   2469533
2049   4   2469563
2049   5   2469592
2049   6   2469622
2049   7   2469652
2049   8   2469681
2049   9   2469711
2049  10   2469741
2049  11   2469770
2049  12   2469800
2050   1   2469829
2050   2   2469859
2050   3   2469888
2050  -3   2469917
2050   4   2469947
2050   5   2469976
2050   6   2470006
2050   7   2470035
2050   8   2470065
2050   9   2470095
2050  10   2470124
2050  11   2470154
2050  12   2470184
2051   1   2470213
2051   2   2470243
2051   3   2470272
2051   4   2470301
2051   5   2470331
2051   6   2470360
2051   7   2470390
2051   8   2470419
2051   9   2470449
2051  10   2470478
