23
  1     80.21445     19.18152     18.57207    100.92588    1150875   -3879875       2536       -553 111668.0  28508.6
  1    -66.84974     20.93268     30.33315    -95.72910   -1127870    1656576      -3933        239 -14021.7  28080.4
  1    -52.05595     20.93519     42.50550    -87.57359   -1032903    7769080      -3599       1050 -14724.9  28106.9
  1    -44.64407     20.93763     48.58998    -82.85117    -977985   10982340      -3410       1456 -14735.9  28087.0
  1    -37.55870     20.93998     54.34251    -77.58854    -917904   14133732      -3204       1846 -14332.2  27736.1
  1    -29.08216     20.94332     61.04524    -69.66642    -824958   17845275      -2879       2293 -15065.5  27727.9
  1    -13.05095     20.95054     72.20559    -43.63601    -520968   24238746      -1830       3044 -15775.5  27351.1
  1     16.13013     20.96472     70.35712     50.51119     578216   23063605       1980       2907 -19779.9  28094.6
  1     29.51190     20.97237     60.72900     70.17774     798006   17552206       2747       2258 -18017.2  28479.4
  1     25.62726     21.14509     63.79764     66.00771     751110   19276151       2584       2463 -18357.9  28456.5
  1     31.93334     21.14936     58.93338     72.93137     829225   16550246       2856       2138 -17915.1  28495.2
  1    -72.00654     21.28093     26.28725    -98.71268   -1161185    1336152      -4048        -31 -14411.6  28095.2
  1    -68.39938     21.28080     29.23114    -96.87943   -1140491    1111139      -3979        165 -14022.5  28109.2
  1    -63.70787     21.28087     33.07683    -94.44963   -1112371    2994961      -3882        422 -14006.1  28075.7
  1    -58.93930     21.28126     36.99895    -91.89831   -1083182    4950069      -3780        683 -14002.2  28101.3
  1    -46.47457     21.28390     47.25714    -84.52608    -998896   10324674      -3486       1374 -13924.8  27716.7
  1    -33.32070     21.28805     57.90990    -74.46445    -882323   16115663      -3083       2084 -13976.6  27726.6
  1    -23.83026     21.29201     65.22714    -63.94882    -758963   20217545      -2654       2572 -14734.2  27716.7
  1    -15.58259     21.29537     70.94671    -50.05801    -597142   23470819      -2094       2953 -15132.3  27733.1
  1      8.77535     21.30596     74.68435     32.55488     370485   25555417       1258       3196 -19436.1  28066.6
  1     13.33534     21.30904     72.32389     45.04763     513625   24199290       1757       3038 -19376.7  28101.0
  1     22.13857     21.31315     66.47956     61.60832     701505   20838391       2412       2648 -18714.1  28121.4
  1     27.19879     21.31591     62.70413     68.20685     776214   18651903       2671       2390 -18271.7  28461.9
